OMP_008_0223_1		2	48.14475491333	15.13905785833	281.761
OMP_008_0223_1		2257	48.14531993333	15.13792028833	287.967
OMP_008_0223_2		2	48.14475491333	15.13905785833	281.761
OMP_008_0223_2		2257	48.14531993333	15.13792028833	287.967
OMP_008_0224_1		3	48.14531797000	15.13791514000	287.994
OMP_008_0224_1		2257	48.14475062167	15.13904909333	281.807
OMP_008_0224_2		3	48.14531797000	15.13791514000	287.994
OMP_008_0224_2		2257	48.14475062167	15.13904909333	281.807
OMP_008_0225_1		2	48.14474795667	15.13903996500	281.854
OMP_008_0225_1		2242	48.14531357500	15.13791192000	288.042
OMP_008_0225_2		2	48.14474795667	15.13903996500	281.854
OMP_008_0225_2		2242	48.14531357500	15.13791192000	288.042
OMP_008_0226_1		2	48.14531114333	15.13790714000	288.068
OMP_008_0226_1		2250	48.14474676167	15.13904063667	281.851
OMP_008_0226_2		2	48.14531114333	15.13790714000	288.068
OMP_008_0226_2		2250	48.14474676167	15.13904063667	281.851
OMP_008_0227_1		11	48.14474627833	15.13902695000	281.902
OMP_008_0227_1		2231	48.14530677500	15.13791049500	288.002
OMP_008_0227_2		11	48.14474627833	15.13902695000	281.902
OMP_008_0227_2		2231	48.14530677500	15.13791049500	288.002
OMP_008_0228_1		2	48.14530514167	15.13790024000	288.092
OMP_008_0228_1		2268	48.14473722500	15.13904436667	281.819
OMP_008_0228_2		2	48.14530514167	15.13790024000	288.092
OMP_008_0228_2		2268	48.14473722500	15.13904436667	281.819
OMP_008_0229_1		2	48.14473350000	15.13903664500	281.831
OMP_008_0229_1		2257	48.14529900333	15.13790014333	288.037
OMP_008_0229_2		2	48.14473350000	15.13903664500	281.831
OMP_008_0229_2		2257	48.14529900333	15.13790014333	288.037
OMP_008_0230_1		2	48.14529706167	15.13789125000	288.093
OMP_008_0230_1		2267	48.14472923667	15.13903375333	281.819
OMP_008_0230_2		2	48.14529706167	15.13789125000	288.093
OMP_008_0230_2		2267	48.14472923667	15.13903375333	281.819
OMP_008_0231_1		2	48.14474813167	15.13904409500	281.789
OMP_008_0231_1		2247	48.14531198167	15.13791211167	288.041
OMP_008_0231_2		2	48.14474813167	15.13904409500	281.789
OMP_008_0231_2		2247	48.14531198167	15.13791211167	288.041
OMP_008_0232_1		2	48.14532026833	15.13792066667	288.017
OMP_008_0232_1		58	48.14530153167	15.13790019000	288.064
OMP_008_0232_2		2	48.14532026833	15.13792066667	288.017
OMP_008_0232_2		58	48.14530153167	15.13790019000	288.064
OMP_008_0233_1		4	48.14529508500	15.13790196000	288.032
OMP_008_0233_1		70	48.14531717500	15.13792523667	287.967
OMP_008_0233_2		4	48.14529508500	15.13790196000	288.032
OMP_008_0233_2		70	48.14531717500	15.13792523667	287.967
OMP_008_0234_1		2	48.14531899167	15.13793308833	287.937
OMP_008_0234_1		76	48.14529336667	15.13790641833	288.012
OMP_008_0234_2		2	48.14531899167	15.13793308833	287.937
OMP_008_0234_2		76	48.14529336667	15.13790641833	288.012
OMP_008_0235_1		3	48.14528966167	15.13791184667	287.992
OMP_008_0235_1		71	48.14531193500	15.13793592833	287.897
OMP_008_0235_2		3	48.14528966167	15.13791184667	287.992
OMP_008_0235_2		71	48.14531193500	15.13793592833	287.897
OMP_008_0236_1		2	48.14531296500	15.13794385333	287.868
OMP_008_0236_1		75	48.14528767667	15.13791682500	287.960
OMP_008_0236_2		2	48.14531296500	15.13794385333	287.868
OMP_008_0236_2		75	48.14528767667	15.13791682500	287.960
OMP_008_0237_1		2	48.14528444667	15.13792227833	287.927
OMP_008_0237_1		71	48.14530772333	15.13794730500	287.842
OMP_008_0237_2		2	48.14528444667	15.13792227833	287.927
OMP_008_0237_2		71	48.14530772333	15.13794730500	287.842
OMP_008_0238_1		2	48.14530903000	15.13795340167	287.834
OMP_008_0238_1		65	48.14528771833	15.13793112500	287.880
OMP_008_0238_2		2	48.14530903000	15.13795340167	287.834
OMP_008_0238_2		65	48.14528771833	15.13793112500	287.880
OMP_008_0239_1		4	48.14528009667	15.13793333833	287.853
OMP_008_0239_1		70	48.14530212833	15.13795681333	287.777
OMP_008_0239_2		4	48.14528009667	15.13793333833	287.853
OMP_008_0239_2		70	48.14530212833	15.13795681333	287.777
OMP_008_0240_1		4	48.14530408000	15.13796397000	287.758
OMP_008_0240_1		72	48.14528138000	15.13793792333	287.841
OMP_008_0240_2		4	48.14530408000	15.13796397000	287.758
OMP_008_0240_2		72	48.14528138000	15.13793792333	287.841
OMP_008_0241_1		2	48.14527541333	15.13794080000	287.823
OMP_008_0241_1		75	48.14529976833	15.13796651167	287.724
OMP_008_0241_2		2	48.14527541333	15.13794080000	287.823
OMP_008_0241_2		75	48.14529976833	15.13796651167	287.724
OMP_008_0242_1		8	48.14529893333	15.13797164333	287.720
OMP_008_0242_1		72	48.14527652167	15.13794660333	287.807
OMP_008_0242_2		8	48.14529893333	15.13797164333	287.720
OMP_008_0242_2		72	48.14527652167	15.13794660333	287.807
OMP_008_0243_1		2	48.14527220333	15.13795220500	287.816
OMP_008_0243_1		73	48.14529724667	15.13797763667	287.793
OMP_008_0243_2		2	48.14527220333	15.13795220500	287.816
OMP_008_0243_2		73	48.14529724667	15.13797763667	287.793
OMP_008_0244_1		2	48.14529496833	15.13798268000	287.681
OMP_008_0244_1		67	48.14527381333	15.13795937333	287.750
OMP_008_0244_2		2	48.14529496833	15.13798268000	287.681
OMP_008_0244_2		67	48.14527381333	15.13795937333	287.750
OMP_008_0245_1		2	48.14526537167	15.13796023000	287.734
OMP_008_0245_1		74	48.14528967167	15.13798538500	287.633
OMP_008_0245_2		2	48.14526537167	15.13796023000	287.734
OMP_008_0245_2		74	48.14528967167	15.13798538500	287.633
OMP_008_0246_1		2	48.14528976667	15.13799275500	287.605
OMP_008_0246_1		75	48.14526453667	15.13796623333	287.701
OMP_008_0246_2		2	48.14528976667	15.13799275500	287.605
OMP_008_0246_2		75	48.14526453667	15.13796623333	287.701
OMP_008_0247_1		11	48.14526273167	15.13797286167	287.650
OMP_008_0247_1		62	48.14528147167	15.13799229667	287.585
OMP_008_0247_2		11	48.14526273167	15.13797286167	287.650
OMP_008_0247_2		62	48.14528147167	15.13799229667	287.585
OMP_008_0248_1		2	48.14528583500	15.13800178500	287.541
OMP_008_0248_1		72	48.14526320833	15.13797673000	287.630
OMP_008_0248_2		2	48.14528583500	15.13800178500	287.541
OMP_008_0248_2		72	48.14526320833	15.13797673000	287.630
OMP_008_0249_1		9	48.14525846667	15.13797655833	287.612
OMP_008_0249_1		71	48.14527936333	15.13800036333	287.514
OMP_008_0249_2		9	48.14525846667	15.13797655833	287.612
OMP_008_0249_2		71	48.14527936333	15.13800036333	287.514
OMP_008_0250_1		2	48.14528187167	15.13801059833	287.458
OMP_008_0250_1		77	48.14525681167	15.13798415167	287.553
OMP_008_0250_2		2	48.14528187167	15.13801059833	287.458
OMP_008_0250_2		77	48.14525681167	15.13798415167	287.553
OMP_008_0251_1		6	48.14525126333	15.13798863333	287.530
OMP_008_0251_1		79	48.14527725500	15.13801657333	287.450
OMP_008_0251_2		6	48.14525126333	15.13798863333	287.530
OMP_008_0251_2		79	48.14527725500	15.13801657333	287.450
OMP_008_0252_1		3	48.14527556500	15.13802265667	287.425
OMP_008_0252_1		75	48.14525068833	15.13799675333	287.511
OMP_008_0252_2		3	48.14527556500	15.13802265667	287.425
OMP_008_0252_2		75	48.14525068833	15.13799675333	287.511
OMP_008_0253_1		6	48.14524674333	15.13800176000	287.471
OMP_008_0253_1		70	48.14526790000	15.13802416667	287.395
OMP_008_0253_2		6	48.14524674333	15.13800176000	287.471
OMP_008_0253_2		70	48.14526790000	15.13802416667	287.395
OMP_008_0254_1		2	48.14527014333	15.13803424833	287.360
OMP_008_0254_1		71	48.14524748167	15.13801029333	287.445
OMP_008_0254_2		2	48.14527014333	15.13803424833	287.360
OMP_008_0254_2		71	48.14524748167	15.13801029333	287.445
OMP_008_0255_1		5	48.14524047833	15.13801054167	287.417
OMP_008_0255_1		85	48.14526884500	15.13804027333	287.343
OMP_008_0255_2		5	48.14524047833	15.13801054167	287.417
OMP_008_0255_2		85	48.14526884500	15.13804027333	287.343
OMP_008_0256_1		2	48.14526706000	15.13804643167	287.304
OMP_008_0256_1		84	48.14523915500	15.13801671000	287.409
OMP_008_0256_2		2	48.14526706000	15.13804643167	287.304
OMP_008_0256_2		84	48.14523915500	15.13801671000	287.409
OMP_008_0257_1		2	48.14523841500	15.13801819500	287.381
OMP_008_0257_1		76	48.14526353500	15.13804537167	287.295
OMP_008_0257_2		2	48.14523841500	15.13801819500	287.381
OMP_008_0257_2		76	48.14526353500	15.13804537167	287.295
OMP_008_0258_1		2	48.14526147000	15.13805158000	287.271
OMP_008_0258_1		79	48.14523568333	15.13802357833	287.371
OMP_008_0258_2		2	48.14526147000	15.13805158000	287.271
OMP_008_0258_2		79	48.14523568333	15.13802357833	287.371
OMP_008_0259_1		6	48.14523127167	15.13802864667	287.326
OMP_008_0259_1		75	48.14525597167	15.13805341000	287.253
OMP_008_0259_2		6	48.14523127167	15.13802864667	287.326
OMP_008_0259_2		75	48.14525597167	15.13805341000	287.253
OMP_008_0260_1		2	48.14525711833	15.13806223833	287.121
OMP_008_0260_1		74	48.14523330833	15.13803664333	287.198
OMP_008_0260_2		2	48.14525711833	15.13806223833	287.121
OMP_008_0260_2		74	48.14523330833	15.13803664333	287.198
OMP_008_0261_1		13	48.14522998000	15.13804103667	287.210
OMP_008_0261_1		76	48.14525045667	15.13806390833	287.100
OMP_008_0261_2		13	48.14522998000	15.13804103667	287.210
OMP_008_0261_2		76	48.14525045667	15.13806390833	287.100
OMP_008_0262_1		11	48.14525089833	15.13807165500	287.093
OMP_008_0262_1		81	48.14522765833	15.13804586000	287.190
OMP_008_0262_2		11	48.14525089833	15.13807165500	287.093
OMP_008_0262_2		81	48.14522765833	15.13804586000	287.190
OMP_008_0263_1		5	48.14522058500	15.13804572500	287.189
OMP_008_0263_1		75	48.14524470333	15.13807210000	287.109
OMP_008_0263_2		5	48.14522058500	15.13804572500	287.189
OMP_008_0263_2		75	48.14524470333	15.13807210000	287.109
OMP_008_0264_1		2	48.14524819333	15.13808366167	287.071
OMP_008_0264_1		87	48.14521944833	15.13805241500	287.187
OMP_008_0264_2		2	48.14524819333	15.13808366167	287.071
OMP_008_0264_2		87	48.14521944833	15.13805241500	287.187
OMP_008_0265_1		9	48.14521774000	15.13805923167	287.164
OMP_008_0265_1		78	48.14524083333	15.13808461667	287.093
OMP_008_0265_2		9	48.14521774000	15.13805923167	287.164
OMP_008_0265_2		78	48.14524083333	15.13808461667	287.093
OMP_008_0266_1		2	48.14524241667	15.13809514167	287.055
OMP_008_0266_1		73	48.14521808000	15.13806929667	287.141
OMP_008_0266_2		2	48.14524241667	15.13809514167	287.055
OMP_008_0266_2		73	48.14521808000	15.13806929667	287.141
OMP_008_0267_1		7	48.14521118500	15.13806988667	287.118
OMP_008_0267_1		79	48.14523606000	15.13809688333	287.030
OMP_008_0267_2		7	48.14521118500	15.13806988667	287.118
OMP_008_0267_2		79	48.14523606000	15.13809688333	287.030
OMP_008_0268_1		6	48.14523708000	15.13810727000	286.984
OMP_008_0268_1		82	48.14521065833	15.13807863667	287.077
OMP_008_0268_2		6	48.14523708000	15.13810727000	286.984
OMP_008_0268_2		82	48.14521065833	15.13807863667	287.077
OMP_008_0269_1		2	48.14520298667	15.13807796167	287.054
OMP_008_0269_1		92	48.14523339167	15.13811069333	286.947
OMP_008_0269_2		2	48.14520298667	15.13807796167	287.054
OMP_008_0269_2		92	48.14523339167	15.13811069333	286.947
OMP_008_0270_1		7	48.14523239667	15.13811766167	286.923
OMP_008_0270_1		89	48.14520427167	15.13808633333	287.036
OMP_008_0270_2		7	48.14523239667	15.13811766167	286.923
OMP_008_0270_2		89	48.14520427167	15.13808633333	287.036
OMP_008_0271_1		10	48.14520333000	15.13809283167	287.011
OMP_008_0271_1		85	48.14522849500	15.13812058000	286.894
OMP_008_0271_2		10	48.14520333000	15.13809283167	287.011
OMP_008_0271_2		85	48.14522849500	15.13812058000	286.894
OMP_008_0272_1		1	48.14522892833	15.13812503333	286.882
OMP_008_0272_1		84	48.14520102000	15.13809410833	286.988
OMP_008_0272_2		1	48.14522892833	15.13812503333	286.882
OMP_008_0272_2		84	48.14520102000	15.13809410833	286.988
OMP_008_0273_1		4	48.14519616833	15.13809995667	286.943
OMP_008_0273_1		70	48.14521764000	15.13812252667	286.869
OMP_008_0273_2		4	48.14519616833	15.13809995667	286.943
OMP_008_0273_2		70	48.14521764000	15.13812252667	286.869
OMP_008_0274_1		1	48.14522364167	15.13813645667	286.828
OMP_008_0274_1		87	48.14519554833	15.13810469167	286.950
OMP_008_0274_2		1	48.14522364167	15.13813645667	286.828
OMP_008_0274_2		87	48.14519554833	15.13810469167	286.950
OMP_008_0275_1		9	48.14519169000	15.13811026333	286.894
OMP_008_0275_1		90	48.14521934167	15.13814007667	286.780
OMP_008_0275_2		9	48.14519169000	15.13811026333	286.894
OMP_008_0275_2		90	48.14521934167	15.13814007667	286.780
OMP_008_0276_1		3	48.14521873500	15.13814529500	286.771
OMP_008_0276_1		90	48.14518928167	15.13811283667	286.888
OMP_008_0276_2		3	48.14521873500	15.13814529500	286.771
OMP_008_0276_2		90	48.14518928167	15.13811283667	286.888
OMP_008_0277_1		2	48.14518591167	15.13811970333	286.838
OMP_008_0277_1		87	48.14521560333	15.13815027333	286.715
OMP_008_0277_2		2	48.14518591167	15.13811970333	286.838
OMP_008_0277_2		87	48.14521560333	15.13815027333	286.715
OMP_008_0278_1		4	48.14521206167	15.13815703333	286.693
OMP_008_0278_1		88	48.14518383500	15.13812578000	286.800
OMP_008_0278_2		4	48.14521206167	15.13815703333	286.693
OMP_008_0278_2		88	48.14518383500	15.13812578000	286.800
OMP_008_0279_1		7	48.14518158333	15.13813173167	286.773
OMP_008_0279_1		76	48.14520512167	15.13815709667	286.678
OMP_008_0279_2		7	48.14518158333	15.13813173167	286.773
OMP_008_0279_2		76	48.14520512167	15.13815709667	286.678
OMP_008_0280_1		3	48.14520691667	15.13816770000	286.630
OMP_008_0280_1		80	48.14518123167	15.13813929167	286.748
OMP_008_0280_2		3	48.14520691667	15.13816770000	286.630
OMP_008_0280_2		80	48.14518123167	15.13813929167	286.748
OMP_008_0281_1		2	48.14517539333	15.13814343500	286.717
OMP_008_0281_1		87	48.14520319333	15.13817485167	286.587
OMP_008_0281_2		2	48.14517539333	15.13814343500	286.717
OMP_008_0281_2		87	48.14520319333	15.13817485167	286.587
OMP_008_0282_1		2	48.14520064833	15.13818254333	286.565
OMP_008_0282_1		90	48.14517115000	15.13815030167	286.688
OMP_008_0282_2		2	48.14520064833	15.13818254333	286.565
OMP_008_0282_2		90	48.14517115000	15.13815030167	286.688
OMP_008_0283_1		2	48.14516970833	15.13815678333	286.650
OMP_008_0283_1		84	48.14519817667	15.13818652500	286.535
OMP_008_0283_2		2	48.14516970833	15.13815678333	286.650
OMP_008_0283_2		84	48.14519817667	15.13818652500	286.535
OMP_008_0284_1		2	48.14519619000	15.13819331333	286.526
OMP_008_0284_1		90	48.14516703000	15.13816116667	286.652
OMP_008_0284_2		2	48.14519619000	15.13819331333	286.526
OMP_008_0284_2		90	48.14516703000	15.13816116667	286.652
OMP_008_0285_1		2	48.14516122833	15.13816674667	286.591
OMP_008_0285_1		96	48.14519329667	15.13819906667	286.477
OMP_008_0285_2		2	48.14516122833	15.13816674667	286.591
OMP_008_0285_2		96	48.14519329667	15.13819906667	286.477
OMP_008_0286_1		8	48.14519033667	15.13820470167	286.465
OMP_008_0286_1		92	48.14516121833	15.13817285167	286.594
OMP_008_0286_2		8	48.14519033667	15.13820470167	286.465
OMP_008_0286_2		92	48.14516121833	15.13817285167	286.594
OMP_008_0287_1		2	48.14515694333	15.13817838000	286.550
OMP_008_0287_1		86	48.14518486500	15.13820833833	286.435
OMP_008_0287_2		2	48.14515694333	15.13817838000	286.550
OMP_008_0287_2		86	48.14518486500	15.13820833833	286.435
OMP_008_0288_1		6	48.14518404667	15.13821579667	286.424
OMP_008_0288_1		92	48.14515371167	15.13818371000	286.553
OMP_008_0288_2		6	48.14518404667	15.13821579667	286.424
OMP_008_0288_2		92	48.14515371167	15.13818371000	286.553
OMP_008_0289_1		3	48.14515006000	15.13818918667	286.502
OMP_008_0289_1		83	48.14517676833	15.13821869333	286.419
OMP_008_0289_2		3	48.14515006000	15.13818918667	286.502
OMP_008_0289_2		83	48.14517676833	15.13821869333	286.419
OMP_008_0290_1		2	48.14517789500	15.13822915500	286.380
OMP_008_0290_1		86	48.14514953667	15.13819802667	286.498
OMP_008_0290_2		2	48.14517789500	15.13822915500	286.380
OMP_008_0290_2		86	48.14514953667	15.13819802667	286.498
OMP_008_0291_1		2	48.14514377500	15.13820135167	286.450
OMP_008_0291_1		91	48.14517459000	15.13823386667	286.330
OMP_008_0291_2		2	48.14514377500	15.13820135167	286.450
OMP_008_0291_2		91	48.14517459000	15.13823386667	286.330
OMP_008_0292_1		2	48.14517303167	15.13824024500	286.305
OMP_008_0292_1		88	48.14514411333	15.13820826333	286.437
OMP_008_0292_2		2	48.14517303167	15.13824024500	286.305
OMP_008_0292_2		88	48.14514411333	15.13820826333	286.437
OMP_008_0293_1		7	48.14513866500	15.13821228667	286.393
OMP_008_0293_1		87	48.14516692667	15.13824112333	286.277
OMP_008_0293_2		7	48.14513866500	15.13821228667	286.393
OMP_008_0293_2		87	48.14516692667	15.13824112333	286.277
OMP_008_0294_1		2	48.14516878500	15.13825093833	286.240
OMP_008_0294_1		92	48.14513731833	15.13821847667	286.354
OMP_008_0294_2		2	48.14516878500	15.13825093833	286.240
OMP_008_0294_2		92	48.14513731833	15.13821847667	286.354
OMP_008_0295_1		2	48.14513356833	15.13822241167	286.320
OMP_008_0295_1		88	48.14516327667	15.13825279500	286.209
OMP_008_0295_2		2	48.14513356833	15.13822241167	286.320
OMP_008_0295_2		88	48.14516327667	15.13825279500	286.209
OMP_008_0296_1		4	48.14516348667	15.13825877500	286.211
OMP_008_0296_1		92	48.14513304333	15.13822542667	286.327
OMP_008_0296_2		4	48.14516348667	15.13825877500	286.211
OMP_008_0296_2		92	48.14513304333	15.13822542667	286.327
OMP_008_0297_1		2	48.14512938000	15.13823207000	286.266
OMP_008_0297_1		89	48.14515932500	15.13826293500	286.171
OMP_008_0297_2		2	48.14512938000	15.13823207000	286.266
OMP_008_0297_2		89	48.14515932500	15.13826293500	286.171
OMP_008_0298_1		3	48.14515858167	15.13827127500	286.155
OMP_008_0298_1		96	48.14512737000	15.13823509000	286.261
OMP_008_0298_2		3	48.14515858167	15.13827127500	286.155
OMP_008_0298_2		96	48.14512737000	15.13823509000	286.261
OMP_008_0299_1		5	48.14512520000	15.13824314167	286.210
OMP_008_0299_1		88	48.14515368000	15.13827264333	286.102
OMP_008_0299_2		5	48.14512520000	15.13824314167	286.210
OMP_008_0299_2		88	48.14515368000	15.13827264333	286.102
OMP_008_0300_1		1	48.14515429000	15.13828257000	286.072
OMP_008_0300_1		92	48.14512412333	15.13825145000	286.176
OMP_008_0300_2		1	48.14515429000	15.13828257000	286.072
OMP_008_0300_2		92	48.14512412333	15.13825145000	286.176
OMP_008_0301_1		2	48.14511691000	15.13825565667	286.136
OMP_008_0301_1		88	48.14514642667	15.13828701000	286.028
OMP_008_0301_2		2	48.14511691000	15.13825565667	286.136
OMP_008_0301_2		88	48.14514642667	15.13828701000	286.028
OMP_008_0302_1		2	48.14514722667	15.13829424167	286.007
OMP_008_0302_1		97	48.14511507000	15.13825873167	286.125
OMP_008_0302_2		2	48.14514722667	15.13829424167	286.007
OMP_008_0302_2		97	48.14511507000	15.13825873167	286.125
OMP_008_0303_1		2	48.14511118333	15.13826552000	286.082
OMP_008_0303_1		94	48.14514164833	15.13830069500	285.964
OMP_008_0303_2		2	48.14511118333	15.13826552000	286.082
OMP_008_0303_2		94	48.14514164833	15.13830069500	285.964
OMP_008_0304_1		6	48.14513995167	15.13830632333	285.943
OMP_008_0304_1		93	48.14511046833	15.13827246500	286.067
OMP_008_0304_2		6	48.14513995167	15.13830632333	285.943
OMP_008_0304_2		93	48.14511046833	15.13827246500	286.067
OMP_008_0305_1		4	48.14510648167	15.13827667167	286.017
OMP_008_0305_1		95	48.14513749167	15.13831099000	285.894
OMP_008_0305_2		4	48.14510648167	15.13827667167	286.017
OMP_008_0305_2		95	48.14513749167	15.13831099000	285.894
OMP_008_0306_1		4	48.14513497667	15.13831726000	285.899
OMP_008_0306_1		92	48.14510540833	15.13828423500	286.003
OMP_008_0306_2		4	48.14513497667	15.13831726000	285.899
OMP_008_0306_2		92	48.14510540833	15.13828423500	286.003
OMP_008_0307_1		2	48.14509920500	15.13829079833	285.945
OMP_008_0307_1		88	48.14512853500	15.13832154833	285.828
OMP_008_0307_2		2	48.14509920500	15.13829079833	285.945
OMP_008_0307_2		88	48.14512853500	15.13832154833	285.828
OMP_008_0308_1		2	48.14512884667	15.13833127000	285.801
OMP_008_0308_1		94	48.14509865667	15.13829654500	285.919
OMP_008_0308_2		2	48.14512884667	15.13833127000	285.801
OMP_008_0308_2		94	48.14509865667	15.13829654500	285.919
OMP_008_0309_1		3	48.14509259833	15.13830394500	285.860
OMP_008_0309_1		93	48.14512313167	15.13833675667	285.750
OMP_008_0309_2		3	48.14509259833	15.13830394500	285.860
OMP_008_0309_2		93	48.14512313167	15.13833675667	285.750
OMP_008_0310_1		1	48.14512224500	15.13834379167	285.721
OMP_008_0310_1		92	48.14509219167	15.13831019833	285.832
OMP_008_0310_2		1	48.14512224500	15.13834379167	285.721
OMP_008_0310_2		92	48.14509219167	15.13831019833	285.832
OMP_008_0311_1		4	48.14508601333	15.13831686500	285.780
OMP_008_0311_1		88	48.14511421833	15.13834621500	285.679
OMP_008_0311_2		4	48.14508601333	15.13831686500	285.780
OMP_008_0311_2		88	48.14511421833	15.13834621500	285.679
OMP_008_0312_1		2	48.14511491333	15.13835883500	285.629
OMP_008_0312_1		89	48.14508600667	15.13832595167	285.756
OMP_008_0312_2		2	48.14511491333	15.13835883500	285.629
OMP_008_0312_2		89	48.14508600667	15.13832595167	285.756
OMP_008_0313_1		2	48.14508058500	15.13833102167	285.694
OMP_008_0313_1		90	48.14511085333	15.13836263000	285.585
OMP_008_0313_2		2	48.14508058500	15.13833102167	285.694
OMP_008_0313_2		90	48.14511085333	15.13836263000	285.585
OMP_008_0314_1		2	48.14510884333	15.13837142333	285.571
OMP_008_0314_1		94	48.14507838667	15.13833768167	285.685
OMP_008_0314_2		2	48.14510884333	15.13837142333	285.571
OMP_008_0314_2		94	48.14507838667	15.13833768167	285.685
OMP_008_0315_1		2	48.14507266167	15.13834495667	285.632
OMP_008_0315_1		93	48.14510331833	15.13837840000	285.527
OMP_008_0315_2		2	48.14507266167	15.13834495667	285.632
OMP_008_0315_2		93	48.14510331833	15.13837840000	285.527
OMP_008_0316_1		2	48.14510195167	15.13838682500	285.512
OMP_008_0316_1		94	48.14507059000	15.13835265500	285.614
OMP_008_0316_2		2	48.14510195167	15.13838682500	285.512
OMP_008_0316_2		94	48.14507059000	15.13835265500	285.614
OMP_008_0317_1		9	48.14506557333	15.13836085333	285.547
OMP_008_0317_1		164	48.14511933667	15.13841667833	285.370
OMP_008_0317_2		9	48.14506557333	15.13836085333	285.547
OMP_008_0317_2		164	48.14511933667	15.13841667833	285.370
OMP_008_0318_1		2	48.14511901667	15.13842341000	285.351
OMP_008_0318_1		159	48.14506648833	15.13836354167	285.548
OMP_008_0318_2		2	48.14511901667	15.13842341000	285.351
OMP_008_0318_2		159	48.14506648833	15.13836354167	285.548
OMP_008_0319_1		4	48.14506183667	15.13837222667	285.492
OMP_008_0319_1		88	48.14509037333	15.13840193667	285.403
OMP_008_0319_2		4	48.14506183667	15.13837222667	285.492
OMP_008_0319_2		88	48.14509037333	15.13840193667	285.403
OMP_008_0320_1		2	48.14508939667	15.13841101667	285.364
OMP_008_0320_1		85	48.14506226167	15.13838000500	285.474
OMP_008_0320_2		2	48.14508939667	15.13841101667	285.364
OMP_008_0320_2		85	48.14506226167	15.13838000500	285.474
OMP_008_0321_1		6	48.14505518000	15.13838056333	285.457
OMP_008_0321_1		95	48.14508687833	15.13841275667	285.350
OMP_008_0321_2		6	48.14505518000	15.13838056333	285.457
OMP_008_0321_2		95	48.14508687833	15.13841275667	285.350
OMP_008_0322_1		2	48.14508586667	15.13841997167	285.320
OMP_008_0322_1		93	48.14505616333	15.13838683667	285.445
OMP_008_0322_2		2	48.14508586667	15.13841997167	285.320
OMP_008_0322_2		93	48.14505616333	15.13838683667	285.445
OMP_008_0323_1		4	48.14505040167	15.13839214833	285.393
OMP_008_0323_1		88	48.14507964167	15.13842365500	285.297
OMP_008_0323_2		4	48.14505040167	15.13839214833	285.393
OMP_008_0323_2		88	48.14507964167	15.13842365500	285.297
OMP_008_0324_1		3	48.14508016500	15.13843006000	285.279
OMP_008_0324_1		96	48.14504864167	15.13839626667	285.384
OMP_008_0324_2		3	48.14508016500	15.13843006000	285.279
OMP_008_0324_2		96	48.14504864167	15.13839626667	285.384
OMP_008_0325_1		2	48.14504374000	15.13840346000	285.312
OMP_008_0325_1		89	48.14507336833	15.13843495500	285.215
OMP_008_0325_2		2	48.14504374000	15.13840346000	285.312
OMP_008_0325_2		89	48.14507336833	15.13843495500	285.215
OMP_008_0326_1		6	48.14507268167	15.13844257667	285.183
OMP_008_0326_1		87	48.14504508500	15.13841263667	285.285
OMP_008_0326_2		6	48.14507268167	15.13844257667	285.183
OMP_008_0326_2		87	48.14504508500	15.13841263667	285.285
OMP_008_0327_1		2	48.14504010833	15.13841319333	285.241
OMP_008_0327_1		93	48.14507130667	15.13844604500	285.132
OMP_008_0327_2		2	48.14504010833	15.13841319333	285.241
OMP_008_0327_2		93	48.14507130667	15.13844604500	285.132
OMP_008_0328_1		4	48.14506889667	15.13845344333	285.102
OMP_008_0328_1		95	48.14503892333	15.13841885000	285.222
OMP_008_0328_2		4	48.14506889667	15.13845344333	285.102
OMP_008_0328_2		95	48.14503892333	15.13841885000	285.222
OMP_008_0329_1		3	48.14503133833	15.13842310667	285.187
OMP_008_0329_1		94	48.14506141167	15.13845519833	285.095
OMP_008_0329_2		3	48.14503133833	15.13842310667	285.187
OMP_008_0329_2		94	48.14506141167	15.13845519833	285.095
OMP_008_0330_1		2	48.14506333667	15.13846763500	285.070
OMP_008_0330_1		97	48.14503104000	15.13843240667	285.186
OMP_008_0330_2		2	48.14506333667	15.13846763500	285.070
OMP_008_0330_2		97	48.14503104000	15.13843240667	285.186
OMP_008_0331_1		12	48.14502658167	15.13844091333	285.139
OMP_008_0331_1		94	48.14505572500	15.13847302833	285.024
OMP_008_0331_2		12	48.14502658167	15.13844091333	285.139
OMP_008_0331_2		94	48.14505572500	15.13847302833	285.024
OMP_008_0332_1		5	48.14505377667	15.13848172500	284.999
OMP_008_0332_1		97	48.14502278500	15.13844698500	285.114
OMP_008_0332_2		5	48.14505377667	15.13848172500	284.999
OMP_008_0332_2		97	48.14502278500	15.13844698500	285.114
OMP_008_0333_1		3	48.14501724167	15.13845520167	285.047
OMP_008_0333_1		97	48.14504895333	15.13848981833	284.935
OMP_008_0333_2		3	48.14501724167	15.13845520167	285.047
OMP_008_0333_2		97	48.14504895333	15.13848981833	284.935
OMP_008_0334_1		2	48.14504653833	15.13849836667	284.918
OMP_008_0334_1		92	48.14501662167	15.13846501167	285.034
OMP_008_0334_2		2	48.14504653833	15.13849836667	284.918
OMP_008_0334_2		92	48.14501662167	15.13846501167	285.034
OMP_008_0335_1		2	48.14501151833	15.13847103333	284.961
OMP_008_0335_1		89	48.14503937167	15.13850259667	284.867
OMP_008_0335_2		2	48.14501151833	15.13847103333	284.961
OMP_008_0335_2		89	48.14503937167	15.13850259667	284.867
OMP_008_0336_1		12	48.14503911667	15.13850876333	284.840
OMP_008_0336_1		93	48.14500982500	15.13847927667	284.929
OMP_008_0336_2		12	48.14503911667	15.13850876333	284.840
OMP_008_0336_2		93	48.14500982500	15.13847927667	284.929
OMP_008_0337_1		11	48.14500475333	15.13848635333	284.848
OMP_008_0337_1		97	48.14503543500	15.13851966667	284.749
OMP_008_0337_2		11	48.14500475333	15.13848635333	284.848
OMP_008_0337_2		97	48.14503543500	15.13851966667	284.749
OMP_008_0338_1		3	48.14503351167	15.13852677500	284.729
OMP_008_0338_1		98	48.14500108833	15.13849118833	284.839
OMP_008_0338_2		3	48.14503351167	15.13852677500	284.729
OMP_008_0338_2		98	48.14500108833	15.13849118833	284.839
OMP_008_0339_1		2	48.14499639667	15.13849817833	284.774
OMP_008_0339_1		94	48.14502710500	15.13853254833	284.667
OMP_008_0339_2		2	48.14499639667	15.13849817833	284.774
OMP_008_0339_2		94	48.14502710500	15.13853254833	284.667
OMP_008_0340_1		2	48.14502679333	15.13853962500	284.643
OMP_008_0340_1		84	48.14499912167	15.13851028000	284.727
OMP_008_0340_2		2	48.14502679333	15.13853962500	284.643
OMP_008_0340_2		84	48.14499912167	15.13851028000	284.727
OMP_008_0341_1		2	48.14498903167	15.13851454167	284.667
OMP_008_0341_1		95	48.14502031333	15.13854892667	284.556
OMP_008_0341_2		2	48.14498903167	15.13851454167	284.667
OMP_008_0341_2		95	48.14502031333	15.13854892667	284.556
OMP_008_0342_1		11	48.14501531833	15.13855527333	284.535
OMP_008_0342_1		94	48.14498759833	15.13852430667	284.632
OMP_008_0342_2		11	48.14501531833	15.13855527333	284.535
OMP_008_0342_2		94	48.14498759833	15.13852430667	284.632
OMP_008_0343_1		3	48.14498049000	15.13853050000	284.589
OMP_008_0343_1		92	48.14501107500	15.13856340500	284.475
OMP_008_0343_2		3	48.14498049000	15.13853050000	284.589
OMP_008_0343_2		92	48.14501107500	15.13856340500	284.475
OMP_008_0344_1		2	48.14500955000	15.13857187000	284.450
OMP_008_0344_1		91	48.14498098500	15.13853994333	284.586
OMP_008_0344_2		2	48.14500955000	15.13857187000	284.450
OMP_008_0344_2		91	48.14498098500	15.13853994333	284.586
OMP_008_0345_1		3	48.14497227667	15.13854450000	284.509
OMP_008_0345_1		101	48.14500607333	15.13857966667	284.395
OMP_008_0345_2		3	48.14497227667	15.13854450000	284.509
OMP_008_0345_2		101	48.14500607333	15.13857966667	284.395
OMP_008_0346_1		2	48.14500347167	15.13858707500	284.376
OMP_008_0346_1		92	48.14497299167	15.13855359000	284.478
OMP_008_0346_2		2	48.14500347167	15.13858707500	284.376
OMP_008_0346_2		92	48.14497299167	15.13855359000	284.478
OMP_008_0347_1		2	48.14496494667	15.13856034167	284.425
OMP_008_0347_1		94	48.14499614000	15.13859287500	284.327
OMP_008_0347_2		2	48.14496494667	15.13856034167	284.425
OMP_008_0347_2		94	48.14499614000	15.13859287500	284.327
OMP_008_0348_1		4	48.14499516500	15.13860194167	284.289
OMP_008_0348_1		95	48.14496384833	15.13856840167	284.403
OMP_008_0348_2		4	48.14499516500	15.13860194167	284.289
OMP_008_0348_2		95	48.14496384833	15.13856840167	284.403
OMP_008_0349_1		2	48.14495715333	15.13857646167	284.333
OMP_008_0349_1		96	48.14498860167	15.13861025167	284.224
OMP_008_0349_2		2	48.14495715333	15.13857646167	284.333
OMP_008_0349_2		96	48.14498860167	15.13861025167	284.224
OMP_008_0350_1		2	48.14498794833	15.13861927833	284.177
OMP_008_0350_1		96	48.14495549500	15.13858466167	284.283
OMP_008_0350_2		2	48.14498794833	15.13861927833	284.177
OMP_008_0350_2		96	48.14495549500	15.13858466167	284.283
OMP_008_0351_1		3	48.14494518167	15.13859018167	284.236
OMP_008_0351_1		106	48.14497913500	15.13862870500	284.109
OMP_008_0351_2		3	48.14494518167	15.13859018167	284.236
OMP_008_0351_2		106	48.14497913500	15.13862870500	284.109
OMP_008_0352_1		2	48.14497836000	15.13863611667	284.084
OMP_008_0352_1		117	48.14494018500	15.13859293167	284.225
OMP_008_0352_2		2	48.14497836000	15.13863611667	284.084
OMP_008_0352_2		117	48.14494018500	15.13859293167	284.225
OMP_008_0353_1		3	48.14493694000	15.13860157500	284.160
OMP_008_0353_1		113	48.14497463167	15.13864228167	284.042
OMP_008_0353_2		3	48.14493694000	15.13860157500	284.160
OMP_008_0353_2		113	48.14497463167	15.13864228167	284.042
OMP_008_0354_1		2	48.14497220500	15.13864911167	284.024
OMP_008_0354_1		92	48.14494232333	15.13861709167	284.165
OMP_008_0354_2		2	48.14497220500	15.13864911167	284.024
OMP_008_0354_2		92	48.14494232333	15.13861709167	284.165
OMP_008_0355_1		1	48.14493483667	15.13862122333	284.105
OMP_008_0355_1		91	48.14496383500	15.13865308667	283.986
OMP_008_0355_2		1	48.14493483667	15.13862122333	284.105
OMP_008_0355_2		91	48.14496383500	15.13865308667	283.986
OMP_008_0356_1		3	48.14496468833	15.13866383833	283.964
OMP_008_0356_1		97	48.14493255333	15.13862929167	284.086
OMP_008_0356_2		3	48.14496468833	15.13866383833	283.964
OMP_008_0356_2		97	48.14493255333	15.13862929167	284.086
OMP_008_0357_1		3	48.14492667000	15.13863626000	284.022
OMP_008_0357_1		91	48.14495625667	15.13867032833	283.906
OMP_008_0357_2		3	48.14492667000	15.13863626000	284.022
OMP_008_0357_2		91	48.14495625667	15.13867032833	283.906
OMP_008_0358_1		2	48.14495709500	15.13868088333	283.881
OMP_008_0358_1		99	48.14492399833	15.13864526667	283.994
OMP_008_0358_2		2	48.14495709500	15.13868088333	283.881
OMP_008_0358_2		99	48.14492399833	15.13864526667	283.994
OMP_008_0359_1		2	48.14492189833	15.13864812500	283.955
OMP_008_0359_1		94	48.14495175500	15.13868127667	283.838
OMP_008_0359_2		2	48.14492189833	15.13864812500	283.955
OMP_008_0359_2		94	48.14495175500	15.13868127667	283.838
OMP_008_0360_1		2	48.14495118333	15.13869236833	283.802
OMP_008_0360_1		92	48.14492207167	15.13865805167	283.939
OMP_008_0360_2		2	48.14495118333	15.13869236833	283.802
OMP_008_0360_2		92	48.14492207167	15.13865805167	283.939
OMP_008_0361_1		4	48.14491818000	15.13865954667	283.908
OMP_008_0361_1		88	48.14494468000	15.13869225500	283.795
OMP_008_0361_2		4	48.14491818000	15.13865954667	283.908
OMP_008_0361_2		88	48.14494468000	15.13869225500	283.795
OMP_008_0362_1		2	48.14494547667	15.13870247833	283.766
OMP_008_0362_1		92	48.14491526833	15.13866950333	283.876
OMP_008_0362_2		2	48.14494547667	15.13870247833	283.766
OMP_008_0362_2		92	48.14491526833	15.13866950333	283.876
OMP_008_0363_1		2	48.14490830333	15.13867509333	283.827
OMP_008_0363_1		96	48.14494013833	15.13871009833	283.708
OMP_008_0363_2		2	48.14490830333	15.13867509333	283.827
OMP_008_0363_2		96	48.14494013833	15.13871009833	283.708
OMP_008_0364_1		2	48.14493753333	15.13871831167	283.687
OMP_008_0364_1		97	48.14490557667	15.13868353833	283.809
OMP_008_0364_2		2	48.14493753333	15.13871831167	283.687
OMP_008_0364_2		97	48.14490557667	15.13868353833	283.809
OMP_008_0365_1		2	48.14489994667	15.13869009500	283.770
OMP_008_0365_1		89	48.14492919333	15.13872282333	283.663
OMP_008_0365_2		2	48.14489994667	15.13869009500	283.770
OMP_008_0365_2		89	48.14492919333	15.13872282333	283.663
OMP_008_0366_1		2	48.14492958167	15.13873349833	283.624
OMP_008_0366_1		90	48.14489984167	15.13870272167	283.722
OMP_008_0366_2		2	48.14492958167	15.13873349833	283.624
OMP_008_0366_2		90	48.14489984167	15.13870272167	283.722
OMP_008_0367_1		3	48.14489292000	15.13870468333	283.685
OMP_008_0367_1		95	48.14492433500	15.13873961500	283.574
OMP_008_0367_2		3	48.14489292000	15.13870468333	283.685
OMP_008_0367_2		95	48.14492433500	15.13873961500	283.574
OMP_008_0368_1		3	48.14492310500	15.13874641333	283.546
OMP_008_0368_1		93	48.14489303667	15.13871433333	283.644
OMP_008_0368_2		3	48.14492310500	15.13874641333	283.546
OMP_008_0368_2		93	48.14489303667	15.13871433333	283.644
OMP_008_0369_1		6	48.14488690000	15.13871978333	283.584
OMP_008_0369_1		88	48.14491533000	15.13875107667	283.499
OMP_008_0369_2		6	48.14488690000	15.13871978333	283.584
OMP_008_0369_2		88	48.14491533000	15.13875107667	283.499
OMP_008_0370_1		2	48.14491531167	15.13876121167	283.453
OMP_008_0370_1		90	48.14488528833	15.13872885833	283.556
OMP_008_0370_2		2	48.14491531167	15.13876121167	283.453
OMP_008_0370_2		90	48.14488528833	15.13872885833	283.556
OMP_008_0371_1		2	48.14487868667	15.13873537667	283.501
OMP_008_0371_1		88	48.14490725667	15.13876685333	283.405
OMP_008_0371_2		2	48.14487868667	15.13873537667	283.501
OMP_008_0371_2		88	48.14490725667	15.13876685333	283.405
OMP_008_0372_1		2	48.14490710667	15.13877855833	283.361
OMP_008_0372_1		99	48.14487479667	15.13874179667	283.471
OMP_008_0372_2		2	48.14490710667	15.13877855833	283.361
OMP_008_0372_2		99	48.14487479667	15.13874179667	283.471
OMP_008_0373_1		3	48.14487023833	15.13874963333	283.409
OMP_008_0373_1		92	48.14489946667	15.13878232167	283.315
OMP_008_0373_2		3	48.14487023833	15.13874963333	283.409
OMP_008_0373_2		92	48.14489946667	15.13878232167	283.315
OMP_008_0374_1		3	48.14489974333	15.13879097833	283.303
OMP_008_0374_1		93	48.14486887833	15.13875839000	283.412
OMP_008_0374_2		3	48.14489974333	15.13879097833	283.303
OMP_008_0374_2		93	48.14486887833	15.13875839000	283.412
OMP_008_0375_1		2	48.14486200500	15.13876503167	283.356
OMP_008_0375_1		96	48.14489331000	15.13880031500	283.245
OMP_008_0375_2		2	48.14486200500	15.13876503167	283.356
OMP_008_0375_2		96	48.14489331000	15.13880031500	283.245
OMP_008_0376_1		2	48.14489349000	15.13880757167	283.222
OMP_008_0376_1		93	48.14486228500	15.13877579667	283.288
OMP_008_0376_2		2	48.14489349000	15.13880757167	283.222
OMP_008_0376_2		93	48.14486228500	15.13877579667	283.288
OMP_008_0377_1		2	48.14485451833	15.13878058667	283.246
OMP_008_0377_1		89	48.14488300167	15.13881257333	283.228
OMP_008_0377_2		2	48.14485451833	15.13878058667	283.246
OMP_008_0377_2		89	48.14488300167	15.13881257333	283.228
OMP_008_0378_1		2	48.14488341167	15.13882425667	283.176
OMP_008_0378_1		88	48.14485418333	15.13879328833	283.253
OMP_008_0378_2		2	48.14488341167	15.13882425667	283.176
OMP_008_0378_2		88	48.14485418333	15.13879328833	283.253
OMP_008_0379_1		2	48.14484728167	15.13879705833	283.236
OMP_008_0379_1		90	48.14487610833	15.13882942000	283.129
OMP_008_0379_2		2	48.14484728167	15.13879705833	283.236
OMP_008_0379_2		90	48.14487610833	15.13882942000	283.129
OMP_008_0380_1		2	48.14487629167	15.13883724667	283.094
OMP_008_0380_1		86	48.14484795167	15.13880637500	283.192
OMP_008_0380_2		2	48.14487629167	15.13883724667	283.094
OMP_008_0380_2		86	48.14484795167	15.13880637500	283.192
OMP_008_0381_1		2	48.14483958667	15.13880930500	283.140
OMP_008_0381_1		94	48.14487004000	15.13884304167	283.044
OMP_008_0381_2		2	48.14483958667	15.13880930500	283.140
OMP_008_0381_2		94	48.14487004000	15.13884304167	283.044
OMP_008_0382_1		1	48.14486791667	15.13885180000	282.982
OMP_008_0382_1		87	48.14483894500	15.13882036833	283.099
OMP_008_0382_2		1	48.14486791667	15.13885180000	282.982
OMP_008_0382_2		87	48.14483894500	15.13882036833	283.099
OMP_008_0383_1		2	48.14483235667	15.13882489167	283.048
OMP_008_0383_1		95	48.14486288833	15.13885984167	282.931
OMP_008_0383_2		2	48.14483235667	15.13882489167	283.048
OMP_008_0383_2		95	48.14486288833	15.13885984167	282.931
OMP_008_0384_1		2	48.14486148333	15.13886670167	282.920
OMP_008_0384_1		91	48.14483123167	15.13883419000	283.029
OMP_008_0384_2		2	48.14486148333	15.13886670167	282.920
OMP_008_0384_2		91	48.14483123167	15.13883419000	283.029
OMP_008_0385_1		1	48.14482444833	15.13884025667	282.979
OMP_008_0385_1		90	48.14485345667	15.13887245833	282.876
OMP_008_0385_2		1	48.14482444833	15.13884025667	282.979
OMP_008_0385_2		90	48.14485345667	15.13887245833	282.876
OMP_008_0386_1		2	48.14485372500	15.13888325000	282.825
OMP_008_0386_1		88	48.14482516333	15.13885126500	282.927
OMP_008_0386_2		2	48.14485372500	15.13888325000	282.825
OMP_008_0386_2		88	48.14482516333	15.13885126500	282.927
OMP_008_0387_1		2	48.14481698167	15.13885385167	282.891
OMP_008_0387_1		94	48.14484765500	15.13888767000	282.787
OMP_008_0387_2		2	48.14481698167	15.13885385167	282.891
OMP_008_0387_2		94	48.14484765500	15.13888767000	282.787
OMP_008_0388_1		2	48.14484705333	15.13889673167	282.759
OMP_008_0388_1		94	48.14481637000	15.13886288500	282.861
OMP_008_0388_2		2	48.14484705333	15.13889673167	282.759
OMP_008_0388_2		94	48.14481637000	15.13886288500	282.861
OMP_008_0389_1		2	48.14481008667	15.13886779667	282.807
OMP_008_0389_1		89	48.14483746333	15.13889996333	282.682
OMP_008_0389_2		2	48.14481008667	15.13886779667	282.807
OMP_008_0389_2		89	48.14483746333	15.13889996333	282.682
OMP_008_0390_1		2	48.14483941167	15.13891278333	282.650
OMP_008_0390_1		86	48.14481174167	15.13888165167	282.749
OMP_008_0390_2		2	48.14483941167	15.13891278333	282.650
OMP_008_0390_2		86	48.14481174167	15.13888165167	282.749
OMP_008_0391_1		3	48.14480172667	15.13888416167	282.713
OMP_008_0391_1		92	48.14483007000	15.13891711667	282.614
OMP_008_0391_2		3	48.14480172667	15.13888416167	282.713
OMP_008_0391_2		92	48.14483007000	15.13891711667	282.614
OMP_008_0392_1		2	48.14483034667	15.13893026667	282.562
OMP_008_0392_1		97	48.14479866500	15.13889564833	282.668
OMP_008_0392_2		2	48.14483034667	15.13893026667	282.562
OMP_008_0392_2		97	48.14479866500	15.13889564833	282.668
OMP_008_0393_1		2	48.14479239833	15.13890210167	282.615
OMP_008_0393_1		93	48.14482264833	15.13893784000	282.496
OMP_008_0393_2		2	48.14479239833	15.13890210167	282.615
OMP_008_0393_2		93	48.14482264833	15.13893784000	282.496
OMP_008_0394_1		2	48.14482234000	15.13894544667	282.461
OMP_008_0394_1		94	48.14479102667	15.13891199500	282.567
OMP_008_0394_2		2	48.14482234000	15.13894544667	282.461
OMP_008_0394_2		94	48.14479102667	15.13891199500	282.567
OMP_008_0395_1		2	48.14478481667	15.13891866000	282.526
OMP_008_0395_1		91	48.14481413667	15.13895148833	282.411
OMP_008_0395_2		2	48.14478481667	15.13891866000	282.526
OMP_008_0395_2		91	48.14481413667	15.13895148833	282.411
OMP_008_0396_1		2	48.14481402167	15.13896135000	282.385
OMP_008_0396_1		88	48.14478605667	15.13892984667	282.479
OMP_008_0396_2		2	48.14481402167	15.13896135000	282.385
OMP_008_0396_2		88	48.14478605667	15.13892984667	282.479
OMP_008_0397_1		2	48.14477735667	15.13893201833	282.455
OMP_008_0397_1		97	48.14480879833	15.13896747500	282.317
OMP_008_0397_2		2	48.14477735667	15.13893201833	282.455
OMP_008_0397_2		97	48.14480879833	15.13896747500	282.317
OMP_008_0398_1		2	48.14480719000	15.13897486167	282.260
OMP_008_0398_1		95	48.14477607167	15.13894018167	282.386
OMP_008_0398_2		2	48.14480719000	15.13897486167	282.260
OMP_008_0398_2		95	48.14477607167	15.13894018167	282.386
OMP_008_0399_1		9	48.14477274000	15.13894702167	282.336
OMP_008_0399_1		91	48.14480045333	15.13897895667	282.334
OMP_008_0399_2		9	48.14477274000	15.13894702167	282.336
OMP_008_0399_2		91	48.14480045333	15.13897895667	282.334
OMP_008_0400_1		2	48.14480103833	15.13898650000	282.296
OMP_008_0400_1		93	48.14477048167	15.13895428667	282.406
OMP_008_0400_2		2	48.14480103833	15.13898650000	282.296
OMP_008_0400_2		93	48.14477048167	15.13895428667	282.406
OMP_008_0401_1		3	48.14476363333	15.13896052500	282.358
OMP_008_0401_1		93	48.14479376167	15.13899309833	282.255
OMP_008_0401_2		3	48.14476363333	15.13896052500	282.358
OMP_008_0401_2		93	48.14479376167	15.13899309833	282.255
OMP_008_0402_1		2	48.14479365833	15.13900210000	282.218
OMP_008_0402_1		94	48.14476360333	15.13896804167	282.302
OMP_008_0402_2		2	48.14479365833	15.13900210000	282.218
OMP_008_0402_2		94	48.14476360333	15.13896804167	282.302
OMP_008_0403_1		2	48.14475651000	15.13897337500	282.260
OMP_008_0403_1		90	48.14478538333	15.13900707167	282.133
OMP_008_0403_2		2	48.14475651000	15.13897337500	282.260
OMP_008_0403_2		90	48.14478538333	15.13900707167	282.133
OMP_008_0404_1		2	48.14478538833	15.13901879833	282.066
OMP_008_0404_1		92	48.14475585500	15.13898499833	282.175
OMP_008_0404_2		2	48.14478538833	15.13901879833	282.066
OMP_008_0404_2		92	48.14475585500	15.13898499833	282.175
OMP_008_0405_1		4	48.14474792667	15.13899110167	282.132
OMP_008_0405_1		92	48.14477727500	15.13902560167	282.022
OMP_008_0405_2		4	48.14474792667	15.13899110167	282.132
OMP_008_0405_2		92	48.14477727500	15.13902560167	282.022
OMP_008_0406_1		2	48.14477641667	15.13903493500	281.968
OMP_008_0406_1		93	48.14474654833	15.13899940333	282.109
OMP_008_0406_2		2	48.14477641667	15.13903493500	281.968
OMP_008_0406_2		93	48.14474654833	15.13899940333	282.109
OMP_008_0407_1		2	48.14474083167	15.13900639333	282.025
OMP_008_0407_1		92	48.14477051000	15.13903858333	281.930
OMP_008_0407_2		2	48.14474083167	15.13900639333	282.025
OMP_008_0407_2		92	48.14477051000	15.13903858333	281.930
OMP_008_0408_1		2	48.14476959167	15.13905043833	281.868
OMP_008_0408_1		92	48.14473922833	15.13901642500	281.966
OMP_008_0408_2		2	48.14476959167	15.13905043833	281.868
OMP_008_0408_2		92	48.14473922833	15.13901642500	281.966
OMP_008_0409_1		2	48.14473343667	15.13902165833	281.925
OMP_008_0409_1		91	48.14476261167	15.13905398500	281.796
OMP_008_0409_2		2	48.14473343667	15.13902165833	281.925
OMP_008_0409_2		91	48.14476261167	15.13905398500	281.796
